rank,uri,artist_names,track_name,source,peak_rank,previous_rank,weeks_on_chart,streams
1,"spotify:track:2KslE17cAJNHTsI2MI0jb2","Jung Kook","Standing Next to You","BIGHIT MUSIC",1,-1,17,"2806241"
2,"spotify:track:2N0SPREDYqILVEFSsWF5N5","V","Love Me Again","BIGHIT MUSIC",1,3,30,"2680852"
3,"spotify:track:3Ua0m0YmEjrMi9XErKcNiR","Jimin","Like Crazy","BIGHIT MUSIC",1,4,50,"2308309"
4,"spotify:track:4RiudH8RehvLLrk8uNgIdR","TEN","Nightwalker","SM Entertainment",2,2,4,"1517688"
5,"spotify:track:1JxRZB6gjp3nsn2jUIaXMs","TAEYONG","TAP","SM Entertainment",5,9,2,"1436407"
6,"spotify:track:6BqnE3hiqtywrLMJ3ulYDp","D Gerrard","รถไฟบนฟ้า","WM/Thailand",4,5,8,"1377353"
7,"spotify:track:4bjN59DRXFRxBE1g5ne6B1","Agust D","Haegeum","BIGHIT MUSIC",1,17,46,"1202789"
8,"spotify:track:2HRgqmZQC0MC7GeNuDIXHN","Jung Kook, Latto","Seven (feat. Latto) (Explicit Ver.)","BIGHIT MUSIC",1,6,34,"1047992"
9,"spotify:track:5nvdbRKg9fOixXotcZIQuF","Jeff Satur","ซ่อน(ไม่)หา","WM/Thailand",5,7,7,"1002030"
10,"spotify:track:7hU3IHwjX150XLoTVmjD0q","LISA","MONEY","YG Entertainment",1,10,130,"855000"
11,"spotify:track:01qFKNWq73UfEslI0GvumE","Jung Kook, Jack Harlow","3D (feat. Jack Harlow)","BIGHIT MUSIC",2,8,23,"842830"
12,"spotify:track:1WbqdJzBawPmNVBL1tT7dK","Whal & Dolph","ดีใจรึเปล่า","What The Duck",11,11,3,"821569"
13,"spotify:track:7uQZVznj0uQOGC9KhV2Mg6","LISA","LALISA","YG Entertainment",1,12,127,"817891"
14,"spotify:track:2kpVbauiG7Tcue6kZPKYNG","PUN","Goodbye","Universal Music (Thailand) Ltd.",10,14,6,"754036"
15,"spotify:track:6rk1rGqpNXTeu7kVsB049F","PiXXiE","ติดฝน","Lit Entertainment",3,13,9,"719847"
16,"spotify:track:56wDFSIa9Tr7zbEXUVMwjP","fellow fellow","ดาวหางฮัลเลย์","Kicks Records",3,15,27,"701564"
17,"spotify:track:2CjNvED1BSLPG1jYENA0QS","Only Monday","จดจำ","GMM Music Public Company Limited",14,16,6,"687880"
18,"spotify:track:5SP4XIuwGjbA5xTEkTQq7E","MEYOU","อิจฉา","GMM Music Public Company Limited",11,19,14,"631715"
19,"spotify:track:4bnxMt1viexb85sAtVz1dA","MEYOU","วันนี้ปีที่แล้ว","GMM Music Public Company Limited",11,18,27,"623441"
20,"spotify:track:3wyzSQ9rAWjx9vsMQSrLn2","fellow fellow","ไม่เปลี่ยนเลย (Best Luck)","Kicks Records",18,20,13,"571491"
21,"spotify:track:1BxfuPKGuaTgP7aM0Bbdwr","Taylor Swift","Cruel Summer","Taylor Swift",12,35,75,"565399"
22,"spotify:track:7mVobUmGP12Y5SQJgBice3","PONCHET, VARINZ","พี่ชอบหนูที่สุดเลย","PONCHET",16,38,18,"536227"
23,"spotify:track:1fUncVCIUnmf6qihsRkoBE","YEW","ปล่อยดาว","YEW",11,21,21,"532887"
24,"spotify:track:1VNWdmXSbaNrnWod10WIL0","The Weeknd, JENNIE, Lily-Rose Depp","One Of The Girls (with JENNIE, Lily Rose Depp)","Universal Republic Records",10,24,33,"528798"
25,"spotify:track:5BmF05GWZpmm5JZ5p3yMJr","Mirrr","กำแพงหัวใจ","What The Duck",15,22,29,"520709"
26,"spotify:track:13fTUwOsAtNtZtxAcBOtWy","มนัสวีร์","ความรู้สึกของตัวฉัน","9 Arkkhan - Music",23,25,11,"513379"
27,"spotify:track:3y5HhSSAyYGtOkP6mhKs6z","FREEHAND","ขอให้เธอใจดี","Freehand",12,31,33,"507212"
28,"spotify:track:1VfxBuhaRC8rnE4VAPQ4Qk","LANDOKMAI","ยอม (White Flag)","What The Duck",11,23,6,"492396"
29,"spotify:track:6m1TWFMeon7ai9XLOzdbiR","BTS","FAKE LOVE","BIGHIT MUSIC",1,26,84,"482777"
30,"spotify:track:3MIVadmVbWGZR0VzNceGt1","QLER","ใจลอย","What The Duck",13,27,48,"473999"
31,"spotify:track:5DMALWZOGyyc7noptzvF2j","sarah salola","ยินดี - เพลงประกอบละครมาตาลดา ช่อง 3","CHANDELIER MUSIC",10,28,35,"469194"
32,"spotify:track:5OaXaynJZgklXEwzhouey5","Newery","กลิ่นดอกไม้","LiVE HiGH",2,33,59,"462441"
33,"spotify:track:79S6mQUxOs8ANRmJTS7agU","LANDOKMAI","เพลงรักเพลงแรก - Blooming","What The Duck",18,30,29,"457105"
34,"spotify:track:45eQSbdATZGC5lowyWUbfH","BADMIXY, ยุ้ย ญาติเยอะ","ฟ้ารักพ่อ (DILF)","BADMIXY",8,29,14,"456035"
35,"spotify:track:1rNYuv63emsYt4Jjv8RlgJ","Mirrr","เจ้าของที่","What The Duck",10,37,104,"451643"
36,"spotify:track:4fwPmzupzsPEzwquuuVaiw","AYLA's","จากตรงนี้ที่(เคย)สวยงาม [La La Bye]","WM/Thailand",10,42,59,"442824"
37,"spotify:track:1EOWBTE1GPKcxz3wlR08tW","D Gerrard","Luxury","WM/Thailand",15,36,61,"435803"
38,"spotify:track:7jq0O5rfrzEIqNOsc7v9JT","First Anuwat, Saran","เดินมาส่ง - BYE","Marr",11,43,43,"423950"
39,"spotify:track:0MJ5wKsPEeihONNfugHGy7","HYBS","Tip Toe","JUICEY",24,44,37,"420051"
40,"spotify:track:62HLOpfjoG6E0JTtUEfplQ","Billkin","ก้าวก่าย","Billkin Entertainment",32,32,2,"419185"
41,"spotify:track:56n3cbPJeypX5NyqgsmpnZ","Only Monday","บรรยากาศ","GMM Music Public Company Limited",19,46,38,"418685"
42,"spotify:track:3t1Ex6dp0O7tUP3NLyjAY8","PONCHET, VARINZ","พี่คงไม่ชอบผมหรอก","PONCHET",42,51,22,"418372"
43,"spotify:track:2Ab1HQjbMcqHY3TkTycrYr","FREEHAND","รสหวาน","Freehand",28,48,69,"418062"
44,"spotify:track:7GARzfC1mwhDuk4t9WOACq","j-hope","MORE","BIGHIT MUSIC",2,34,38,"417782"
45,"spotify:track:3XCoEJvCYqTbM8bhples8N","Musketeers, Maiyarap","พิจารณา (Consider)","What The Duck",1,39,78,"412727"
46,"spotify:track:36VP0QLf0R3KqcWeyJxuEO","Paper Planes","กลับมาเพื่อบอกลา (Just To Let Me Know)","GMM Music Public Company Limited",32,45,15,"410677"
47,"spotify:track:18VklhRVxmgQZAwtDkeC8K","LHAM, D Gerrard","ร้องไปกับฟ้า (Original Soundtrack ""ภาพยนตร์ 4KINGS II"") [feat. D Gerrard]","Shinesaeng Ad.Venture",11,40,13,"389882"
48,"spotify:track:3qMYr2bVu2HpSKrSJ2zj8K","Anatomy Rabbit","แอบหวัง","Anatomy Rabbit",17,50,122,"381715"
49,"spotify:track:4njC4CPPqAQZ5bo6eEjP0e","PURPEECH","หากจะเพียงขอ (Sincare)","MILK!",31,47,127,"375619"
50,"spotify:track:2uZ6hKHh0UjZMz0YKzCLT1","Cocktail","ลั่นทม (เพลงประกอบละคร หอมกลิ่นความรัก)","GMM Music Public Company Limited",16,54,29,"354961"
51,"spotify:track:5h1BN75CEh8wdSwE1xrbSe","V","Slow Dancing","BIGHIT MUSIC",2,49,25,"354472"
52,"spotify:track:4lR8sYGMGZPvthF2yUfo7T","LE SSERAFIM","Smart","SOURCE MUSIC",52,66,2,"350321"
53,"spotify:track:1atD9QMSoZjgKiUKKopZBW","Parkmalody","วาสนาผู้ใด","Parkmalody",14,53,21,"348949"
54,"spotify:track:0ZcyX8hFV1jdJNWOI8mMXF","YEW, LANDOKMAI","Summertime","YEW",3,57,100,"341204"
55,"spotify:track:2O4Bb2WCkjlTPO827OnBMI","LE SSERAFIM","EASY","SOURCE MUSIC",52,52,3,"340529"
56,"spotify:track:5Zlwu2g4rzTNfyu28L1bWv","NONT TANONT","รักแรก (First Love) [เพลงประกอบภาพยนตร์ รักแรกโคตรลืมยาก My Precious]","GMM Music Public Company Limited",4,60,42,"339292"
57,"spotify:track:28WUoGt6gycR4gWHdIOkKP","เรนิษรา","ผู้ถูกเลือกให้ผิดหวัง (ดอกไม้ฤดูหนาว)","Reinizra",1,63,67,"338548"
58,"spotify:track:4Apva8F7YKYyqwOCGfCnK6","BUS","Because of You, I Shine","SONRAY MUSIC",17,59,12,"327841"
59,"spotify:track:3vkCueOmm7xQDoJ17W1Pm3","Mitski","My Love Mine All Mine","Dead Oceans",29,61,23,"326660"
60,"spotify:track:1QbP49w60Db4mrhYbsQ8bg","PURPEECH","อาจเป็นเพราะฉันเอง (me.)","MILK!",22,56,48,"324595"
61,"spotify:track:7n8XxOyeEnGBNJ7u5ClhCn","MEYOU, PUN","ลูกคุณหนู","GMM Music Public Company Limited",61,-1,1,"320869"
62,"spotify:track:1RIcNj56JKuH0WB9AyNARB","SPF","9 นาฬิกา","Mono Music",62,68,7,"320626"
63,"spotify:track:3rUGC1vUpkDG9CZFHMur1t","Tate McRae","greedy","RCA Records Label",48,72,23,"318006"
64,"spotify:track:4Yg2lUUPVk9oqbR4ubQ6BU","No One Else","เธอคือกาแฟในตอนเช้า","Spicy Disc",29,62,33,"317385"
65,"spotify:track:2MvwYhejHpLfBcptTEWhDL","Blackbeans","Pink","Blackbeans",33,67,47,"314595"
66,"spotify:track:38uarkAk3Y13onWxwj0MIq","Cocktail","ไม่เป็นรอง","GMM Music Public Company Limited",6,65,58,"314027"
67,"spotify:track:42NFq86YCRMnV10M7lihzk","PUN","Therapist","Universal Music (Thailand) Ltd.",61,70,11,"303546"
68,"spotify:track:5ydjxBSUIDn26MFzU3asP4","V","Rainy Days","BIGHIT MUSIC",3,80,30,"302520"
69,"spotify:track:5LEp7WRnb0T3L2R2mTa9IZ","SHERRY","เธอไม่ได้สอนให้ฉันอยู่คนเดียว","Spicy Disc",12,76,53,"302403"
70,"spotify:track:5oC32WxxER4uaVwJo23RN9","Lower Mansion","เพลงรักในวันลา","Lower Mansion",24,69,48,"289773"
71,"spotify:track:3S7oRCNWJkMNkqLMr88hpo","Silly Fools","ขี้หึง","GMM Music Public Company Limited",62,77,168,"269209"
72,"spotify:track:3Ry2KPewzbt43hiQPTnDTK","THEMOONWILLALWAYSBEWITHME","ซูลูปาก้า ตาปาเฮ้","Themoonwillalwaysbewithme",1,82,94,"269173"
73,"spotify:track:1m1aNI4vjnwmrxateBIXgK","Billkin","ยิ้มทั้งน้ำตา","Billkin Entertainment",14,85,52,"267302"
74,"spotify:track:4JVHa8eTUOEN0zS1zrA2j5","YOUNGOHM, GAVIN:D","เรื่องราวความรักในตำนาน","Already Deadd",74,83,24,"262683"
75,"spotify:track:27OEf7iSIOJ14txp16xweP","Dept","ลา ลา ลา","Smallroom",14,88,108,"260515"
76,"spotify:track:6N1ZqtABCgsqotshwnvEk1","BUS","WATCH YOUR STEP","SONRAY MUSIC",25,58,3,"255296"
77,"spotify:track:2wgGM5bNyPTVI2d7KHmmRw","THE TOYS","จดหมาย","Toys",51,109,78,"252096"
78,"spotify:track:4UgAVgYNBahclsbXTbP3Xn","FOURTH","เทคะแนน (CANDIDATE)","GMM Music Public Company Limited",78,99,2,"251102"
79,"spotify:track:3vdZ30MzgeTe5PiJXEmqjr","Three Man Down, feat. ออม TELExTELEXs","ข้างกัน (City)","GMM Music Public Company Limited",15,89,139,"249197"
80,"spotify:track:2gkVEnpahpE3bQuvGuCpAV","Jung Kook","Yes or No","BIGHIT MUSIC",9,87,18,"248731"
81,"spotify:track:45dtFcaOs4lBf8gXAAoN8W","ARMOR","Fall in Love","Real_Armor",24,73,37,"246349"
82,"spotify:track:03Yp2uEOtPGHQ6E9XSjmyv","Pop Pongkool, Da Endorphine","สลักจิต","GMM Music Public Company Limited",7,84,86,"246246"
83,"spotify:track:0dXpGBC0pUivUk96OrptbQ","Newery","ต่อจากคืนนี้ (ฉันจะไม่มีเธอแล้ว) - Gloomy","What The Duck",63,74,33,"244741"
84,"spotify:track:3cZP6wSDNl9i2PgrXo4Zk5","D Gerrard","นักวิทยาศาสตร์","WM/Thailand",26,86,64,"243237"
85,"spotify:track:39uhLliuH6Otvhg9duW9Fb","TEN","Lie With You","SM Entertainment",51,55,4,"242145"
86,"spotify:track:7m4O2ffb7Amnk1tQGKeLEH","D Gerrard, Kob The X Factor","Galaxy (feat. Kob The X Factor)","WM/Thailand",21,91,69,"239334"
87,"spotify:track:0h7QMc9ZRzA9QJrbEHytn2","Jin","The Astronaut","BIGHIT MUSIC",2,90,42,"238562"
88,"spotify:track:6PM9OBzgQbY7wAkPWBTl2V","Whatcharawalee","สถานีดวงจันทร์","Tinnamou Music Score Co., Ltd.",61,102,142,"237598"
89,"spotify:track:0mItaHP6FLRrRO6xrWwJc1","4EVE","หยดน้ำตา (Tears)","TPOP INCORPORATION Co.,Ltd.",10,93,52,"237120"
90,"spotify:track:55ODtfBjV76xqE5YfsuL2v","Jeff Satur","ลืมไปแล้วว่าลืมยังไง (Fade)","WM/Thailand",4,94,76,"236962"
91,"spotify:track:69CrOS7vEHIrhC2ILyEi0s","JISOO","FLOWER","YG Entertainment",1,92,49,"236368"
92,"spotify:track:0RiRZpuVRbi7oqRdSMwhQY","Post Malone, Swae Lee","Sunflower - Spider-Man: Into the Spider-Verse","Republic Records",1,95,200,"235792"
93,"spotify:track:6R9YzJHkfYoN6PianPhTdB","Mirrr","นิโคติน","Macrowave",1,103,214,"228907"
94,"spotify:track:2aOKroYzVYSkKetUpWvrkt","YOUNGOHM","Very Very Small","Youngohm",15,136,70,"228559"
95,"spotify:track:2RJ7Q3gHb6cOeNBioSARni","Safeplanet","ข้างกาย ( With You )","Safeplanet",12,114,111,"228209"
96,"spotify:track:1dGr1c8CrMLDpV6mPbImSI","Taylor Swift","Lover","Taylor Swift",11,150,45,"225565"
97,"spotify:track:2iFl47C6PcxFEBntbBAfeI","เรนิษรา","ฉันคือนักสะสมความเศร้า","Reinizra",37,104,57,"224944"
98,"spotify:track:56vA4AoGec8ae9nmdprBBI","TEN","Dangerous","SM Entertainment",60,64,3,"224544"
99,"spotify:track:2vmEX5b6qbFfLNvD8EvULb","ATLAS","เค้ามาก่อน (Lovefool)","TPOP INCORPORATION Co.,Ltd.",99,-1,1,"223605"
100,"spotify:track:0QzuaeCEEOV40Pn7IvKEny","Dhruv","double take","Little Worry/RCA Records",1,100,147,"223543"
101,"spotify:track:29E8BUUDQbc5S7jMPOj9wW","Maiyarap, MILLI","แฟนใหม่หน้าคุ้น (feat. MILLI)","Yupp! Entertainment",1,133,148,"222339"
102,"spotify:track:4SAHOroe7DThzEjgNOJ54T","Dept","คงต้องบอกลาแล้ว","Smallroom",28,98,100,"222050"
103,"spotify:track:4iZ4pt7kvcaH6Yo8UoZ4s2","SZA","Snooze","Top Dawg Entertainment/RCA Records",53,101,58,"221274"
104,"spotify:track:3k6q0O9JnO2GhvD6C8fs20","Jimin","Closer Than This","BIGHIT MUSIC",2,75,11,"220663"
105,"spotify:track:0fl3T6cekhgAxYu5xLWefX","TEN","Water","SM Entertainment",71,71,3,"219515"
106,"spotify:track:5PyDJG7SQRgWXefgexqIge","Doja Cat","Agora Hills","Kemosabe Records/RCA Records",46,130,20,"218897"
107,"spotify:track:06DPpk0hUJEgpzl5cuWNI6","Polycat","เวลาเธอยิ้ม","Smallroom",35,107,278,"217788"
108,"spotify:track:2MnVrkbwL6ViB7q4NI7oVK","ZENTYARB, PUNYARB, LAZYLOXY","ฉบับปรับปรุง","Digital LUV",2,120,114,"217124"
109,"spotify:track:47WfK6QKlLwIOxJaonJ3bA","bamm","ใครเพื่อนแก","Lit Entertainment",16,105,76,"216818"
110,"spotify:track:4fAI0wdVepOCi4xRwj40z9","YEW","จะมอบความรัก","YEW",78,106,114,"215338"
111,"spotify:track:1rJZTErhdRMtm2uhfFrCSS","Anatomy Rabbit","ขอให้โลกนี้ใจดีกับเธอ","Anatomy Rabbit",3,119,141,"214166"
112,"spotify:track:25n8diXqpb6LKyL0Dwzwoy","Saran, BlackHeart, Pondering","Promethazine","SARAN",100,115,73,"213612"
113,"spotify:track:74X2u8JMVooG2QbjRxXwR8","LE SSERAFIM","Perfect Night","SOURCE MUSIC",65,111,19,"213290"
114,"spotify:track:2YRHRAT0c0g4WIZjsf9clK","THE TOYS","TOY","What The Duck",22,124,107,"212170"
115,"spotify:track:6dgUya35uo964z7GZXM07g","Sabrina Carpenter","Nonsense","Island Records",31,143,60,"212091"
116,"spotify:track:7CM0OhKIeDodf450PiVEhB","TheChanisara","ใจสมใจ","TheChanisara",96,96,3,"210926"
117,"spotify:track:73rLFde6eQ2Xzg4cF5ilHs","PiXXiE","ชอบไปหมด","Lit Entertainment",79,117,8,"210799"
118,"spotify:track:24VfUtHxbkCrscWC00toom","Musketeers","ความทรงจำ","Believe Records",72,153,90,"210787"
119,"spotify:track:1AZjCZSGEjlxUufFQwSszF","RM, Youjeen","Wild Flower (with youjeen)","BIGHIT MUSIC",1,41,36,"210702"
120,"spotify:track:5XeFesFbtLpXzIVDNQP22n","Arctic Monkeys","I Wanna Be Yours","Domino Recording Co",92,112,74,"210237"
121,"spotify:track:1TiZWEsxN85yLJBq56K8mG","J.Tajor","Like I Do","ACTS Music Group",108,108,6,"209863"
122,"spotify:track:4nimbIVI2u2XUD70c1dOBu","QLER","ALICE","What The Duck",70,116,22,"209242"
123,"spotify:track:4rDCI4NQEBQrfTFN5epRYU","THE TOYS","อาหมวยหาย (阿妹走 / Chinese Girl)","What The Duck",8,139,90,"208624"
124,"spotify:track:59hBR0BCtJsfIbV9VzCVAp","Jimin","Set Me Free Pt.2","BIGHIT MUSIC",1,-1,23,"208152"
125,"spotify:track:2qZQa0feL1j3hxFB3vJ15d","Indigo","เส้นบางๆ","Move Records",15,113,88,"206932"
126,"spotify:track:5u8iqPNTa3ryOqeiNdgi6o","Musketeers","แค่คุณ","Believe Records",68,118,78,"205651"
127,"spotify:track:3jQEXiy7AtzDMiilrYlO0H","Musketeers","งานเต้นรำ","Believe Records",70,128,89,"204813"
128,"spotify:track:0B1RbM8oFqL2LTsY3axKpt","Mirrr","ดอกไม้ไฟ","What The Duck",15,97,157,"204670"
129,"spotify:track:5aIVCx5tnk0ntmdiinnYvw","Tyla","Water","FAX Records/Epic",86,141,22,"204477"
130,"spotify:track:1iK2nyld8wTLJv2dRIowSY","F.HERO, Tilly Birds","จำเก่ง (Slipped Your Mind)","What The Duck",6,134,154,"204452"
131,"spotify:track:1LDG6oNPVWerLLWp2ia78I","Alyn Wee","หัวใจเจ้าเอย​ (Not Again)","LOVEiS Entertainment",18,147,121,"204421"
132,"spotify:track:1Qrg8KqiBpW07V7PNxwwwL","SZA","Kill Bill","Top Dawg Entertainment/RCA Records",11,122,65,"203458"
133,"spotify:track:5Enhznqe9ksHne2KSNMpen","Three Man Down","เปิดตัวเขา (Rebound)","GMM Music Public Company Limited",9,126,37,"203242"
134,"spotify:track:41KTGiWZ3acbnlUqTpiL7Y","TEN","ON TEN","SM Entertainment",77,81,3,"203188"
135,"spotify:track:2LBqCSwhJGcFQeTHMVGwy3","The Weeknd","Die For You","Universal Republic Records",13,131,136,"203004"
136,"spotify:track:4ZU069vAYkr7soRzdzNdjF","YOUNGOHM","ไฟเย็น","Already Deadd",77,146,83,"202585"
137,"spotify:track:5WsRYZQa2VvJjWEfxipXKi","Timethai","HIT ME UP","Timethai",137,-1,1,"202039"
138,"spotify:track:4iQTpRoRZUvXRdgZtI3KUi","MEAN Band","หมายความว่าอะไร","LOVEiS Entertainment",55,110,220,"201257"
139,"spotify:track:0TM8yOGueqFxCw85eaSdtF","Whal & Dolph","ใจเดียว","What The Duck",10,121,162,"200173"
140,"spotify:track:3ewJNxY8tVHvX94CAUtg89","Only Monday","ได้แต่นึกถึง","GMM Music Public Company Limited",12,127,122,"199906"
141,"spotify:track:4LzcUP06sAeRhJlvkjkFyE","มีนตรา อินทิรา","ว่าว","GMM Music Public Company Limited",141,157,2,"198580"
142,"spotify:track:0KKkJNfGyhkQ5aFogxQAPU","Bruno Mars","That's What I Like","Atlantic Records",40,170,80,"197359"
143,"spotify:track:05bEOekC31J9F7tH8jEuJw","TEN","Shadow","SM Entertainment",78,78,3,"197047"
144,"spotify:track:7IcfEY0IyV4fdALbwJCw3v","MEYOU","ภาวนา","GMM Music Public Company Limited",1,154,132,"195190"
145,"spotify:track:5EaVikAxSRponyifRP6Fhp","Jin","Super Tuna","BIGHIT MUSIC",22,138,25,"193934"
146,"spotify:track:79yQQnouyRz6n9TEKxbHM5","Anatomy Rabbit","Extraordinary","Anatomy Rabbit",1,132,163,"193813"
147,"spotify:track:4OHu1M6xtQLkgTSao8nYS3","SAMBLACK","ไม่ยินดี","Warmlight",6,148,126,"193301"
148,"spotify:track:11sWcMeRIGlUR5rwvV6IS3","Musketeers","นิทาน","Believe Records",106,123,21,"193115"
149,"spotify:track:1M2XakpRDkxjiuCirVPD8c","THE TOYS","เมะ","What The Duck",1,173,108,"191745"
150,"spotify:track:0cCf8UpRfjOB7yp1yqzMHM","Billkin","ชอบตัวเองตอนอยู่กับเธอ","Billkin Entertainment",1,137,85,"189661"
151,"spotify:track:1HcNxQxyvT4Jg2c1A9FxjS","Only Monday","April","GMM Music Public Company Limited",45,142,20,"187364"
152,"spotify:track:6rgF7lJWhf0jR5ZEJk3cY5","YENTED, BlackHeart, Williams","ที่รักใจเย็น","Yented",152,-1,1,"186807"
153,"spotify:track:6b2nmFsOb2sDumvHLMFLA1","Jeff Satur","Dum Dum","WM/Thailand",44,125,17,"186547"
154,"spotify:track:75Bo8CwyOB44OwaXw14w1a","WIN METAWIN, Badmixy","ดึกมากแล้ว (Night Ride)","GMM Music Public Company Limited",154,-1,2,"185716"
155,"spotify:track:6gawFvnzVItjZusaaYVnOw","Smile Buffalo","ดีเกินไป","Smile Buffalo",58,135,13,"183407"
156,"spotify:track:1bSjf9p0HSAeZmrT2vF41w","ATLAS","I Got That Magic","TPOP INCORPORATION Co.,Ltd.",156,-1,1,"183129"
157,"spotify:track:6koztzfSaFalbFxpiaFpjk","YOUNGOHM","เด็กอินเตอร์","Youngohm",41,168,42,"182603"
158,"spotify:track:30ho6wAl9w53sCtcqzHVMA","Saran, GTK","ใจพัง","SARAN",158,196,12,"182122"
159,"spotify:track:5ARFnqIJJc9OgCRB7tEygC","URBOYTJ, GAVIN:D","ไม่ติด","UrboyTJ",142,-1,5,"181982"
160,"spotify:track:4c6qgwNYjQQlgQ5Sf0Vaia","25 hours","Lady","Believe Records",71,159,10,"181665"
161,"spotify:track:0k0GtcnyQLMiXrdEDbLXmJ","Jung Kook, DJ Snake","Please Don't Change (feat. DJ Snake)","BIGHIT MUSIC",11,129,11,"181447"
162,"spotify:track:3lR3TCz0rBkXxL9XTpBMNB","QLER","แบบที่ฉันเคยทำ","What The Duck",126,-1,9,"181441"
163,"spotify:track:4SqWKzw0CbA05TGszDgMlc","The Walters","I Love You So","Warner Records",31,158,102,"179867"
164,"spotify:track:23uoBOUwFdh8bKlv6FUDuc","BADMIXY","ถ้าไม่มีฉัน (Lost)","BADMIXY",53,149,12,"178694"
165,"spotify:track:3GMvQQ1R91hkdoGPYBQTlu","PiXXiE","เกินต้าน","Lit Entertainment",48,152,93,"178691"
166,"spotify:track:3BP00Qiv0hXg6l5GCV98RY","25 hours","คนข้างๆ","Believe Records",151,161,12,"177826"
167,"spotify:track:3ROWX61sua26OlSbbtxKUC","Silly Fools","น้ำลาย","GMM Music Public Company Limited",155,155,8,"177717"
168,"spotify:track:2DUx3XDBqeXZEVXx0iGhyk","Bedroom Audio","ไม่บอกเธอ","Bedroom Audio",160,162,3,"175334"
169,"spotify:track:5WfdTb3vVatv1p97Hqoocd","25 hours","ไม่เคย","GMM Music Public Company Limited",169,-1,1,"174540"
170,"spotify:track:6z56u8jPSSroDFrJVD5cMf","Whatcharawalee","ร่มสีเทา","Tinnamou Music Score Co., Ltd.",92,145,178,"173277"
171,"spotify:track:4p326fEVOplgTi21gnb6CH","Bird Thongchai","รักเอ๋ย (เพลงจากละคร พนมนาคา)","GMM Music Public Company Limited",53,182,22,"172899"
172,"spotify:track:3A1tAv6J87HqjFhUZ3LHNi","D Gerrard","โลกคู่ขนาน","WM/Thailand",3,144,50,"172752"
173,"spotify:track:5ONOlTiqymhzwcFjqcIT6E","Jung Kook","Hate You","BIGHIT MUSIC",10,140,11,"172073"
174,"spotify:track:1ecud9LC1clhcuhjLIyyMB","Blackbeans","Wish","Blackbeans",8,-1,169,"171909"
175,"spotify:track:5Odq8ohlgIbQKMZivbWkEo","Charlie Puth, Jung Kook, BTS","Left and Right (Feat. Jung Kook of BTS)","Atlantic Records",1,200,84,"171845"
176,"spotify:track:5GUoOTq7hI3UoAhg9MtSzS","MEYOU","อีกแล้ว","MEYOU",76,176,62,"171552"
177,"spotify:track:6tNQ70jh4OwmPGpYy6R2o9","Benson Boone","Beautiful Things","Night Street Records, Inc./Warner Records Inc.",177,-1,1,"171013"
178,"spotify:track:57NV6TzzYS473R7OgmDepf","YOUNGOHM","ก่อนนอนคืนนี้","Already Deadd",14,-1,82,"169904"
179,"spotify:track:3kVApGWaoR48GzDagnY55b","Three Man Down","ถ้าเธอรักฉันจริง","GMM Music Public Company Limited",1,194,169,"169756"
180,"spotify:track:5sdQOyqq2IDhvmx2lHOpwd","NewJeans","Super Shy","ADOR",6,172,35,"169373"
181,"spotify:track:7xxklm9pii9gqW3McXpJn8","Cocktail","ช่างมัน","GMM Music Public Company Limited",92,160,7,"167710"
182,"spotify:track:42TLIkJ2kFSY0WlCBjqzhB","Percy, 4ourYou, GENA DESOUZA","Shall We","dhavision",3,151,31,"167654"
183,"spotify:track:0GbWc31BXewOO7ZYRR9RVn","Whatcharawalee","ลูกอม","Tinnamou Music Score Co., Ltd.",76,165,102,"166189"
184,"spotify:track:36czGZFR3xI0F38AiZ0Xdq","Rifle, Saran","ที่สุดเลย","Rifle",42,164,28,"166036"
185,"spotify:track:1BAIaOr39e7FsxRYjbPiyz","มนัสวีร์","โลกที่แบกไว้","9ARKKHAN",185,-1,1,"165035"
186,"spotify:track:3bNNvJA7hsGw0wSpGkfOBm","Jung Kook","Too Sad to Dance","BIGHIT MUSIC",12,156,10,"164571"
187,"spotify:track:7MXVkk9YMctZqd1Srtv4MB","The Weeknd, Daft Punk","Starboy","Universal Republic Records",108,186,42,"164383"
188,"spotify:track:3iJNeAiZwFxiPHWk456Bcw","Only Monday","ทุกความทรงจำ","GMM Music Public Company Limited",128,190,56,"164322"
189,"spotify:track:0KpWiHVmIFDTvai20likX4","Henry Moodie","drunk text","Robots & Humans/Columbia",63,181,15,"164310"
190,"spotify:track:56y1jOTK0XSvJzVv9vHQBK","Doja Cat","Paint The Town Red","Kemosabe Records/RCA Records",17,185,28,"163975"
191,"spotify:track:2qKJrcfRkh7ZgvyhsrPkZL","No One Else","ต่อจากนี้เพลงรักทุกเพลงจะเป็นของเธอเท่านั้น","Spicy Disc",1,180,94,"162860"
192,"spotify:track:7C1LsSxrOU5NrTMfh7WYl6","YourMOOD","ลาก่อน","WHOOP",5,169,95,"162827"
193,"spotify:track:2pB3TJsSleiRiL0NP6rtCw","Three Man Down","ฝนตกไหม","GMM Music Public Company Limited",1,199,224,"161668"
194,"spotify:track:1yrifw3LDWawZHMsDuPCBh","Newery","หลงรัก","Newery",88,183,105,"161058"
195,"spotify:track:3LejSFG20mSl4IzORHa7Ya","Dept","17","Smallroom",3,174,73,"161015"
196,"spotify:track:3AC0O8MXujdSazZx1nOJK4","fellow fellow, guncharlie","ฉันคือความทรงจำดีๆของเธอรึเปล่า","Kicks Records",130,193,13,"160972"
197,"spotify:track:60hF3gZXQ33xdAXXk6tE1x","atom chanakan","PLEASE","GMM Music Public Company Limited",98,-1,119,"159899"
198,"spotify:track:5a7q0T5drisHQmCODwmePk","tinn, Earth Patravee","เศษ (Remain) [feat. Earth Patravee]","HOLYFOX CO., LTD.",63,-1,53,"159446"
199,"spotify:track:2e1ixGbqullcmga7A378Ng","Cocktail","คู่ชีวิต","GMM Music Public Company Limited",100,192,6,"159334"
200,"spotify:track:06Qo2fYR2KS1F7bL338iVT","Jung Kook, Major Lazer","Closer to You (feat. Major Lazer)","BIGHIT MUSIC",14,163,9,"159327"
